AG2411_project/forTest.asc
ncols         180
nrows         180
xllcorner     0.0
yllcorner     0.0
cellsize      20.0
NODATA_value  -9999.0
[rows 112 to 139 of 180, columns 64 to 127 of 180]
301.1424 300.8376 300.8376 300.8376 300.8376 300.8376 300.8376 300.5328 300.5328 300.5328 300.5328 300.5328 300.5328 300.228 299.9232 299.6184 299.0088 298.0944 297.18 296.2656 295.656 294.7416 294.132 293.5224 292.608 290.7792 289.2552 288.036 287.4264 286.512 285.9024 285.5976 283.7688 281.94 279.8064 277.6728 274.9296 271.5768 267.9192 263.9568 260.2992 256.9464 254.508 252.6792 250.5456 249.3264 248.5339 248.1072 248.0462 247.9853 247.9243 247.8024 247.4976 247.1928 247.0404 247.0404 246.888 246.5832 246.2784 246.2174 246.1565 246.0955 246.0346 245.9736
301.4472 301.1424 301.1424 301.1424 301.1424 301.1424 301.1424 300.8376 300.8376 300.8376 300.5328 300.228 299.6184 299.3136 299.3136 299.0088 298.704 297.7896 296.5704 295.9608 295.3512 294.4368 293.8272 293.2176 292.608 290.7792 289.2552 288.036 287.4264 286.512 285.9024 285.5976 284.988 283.1592 281.3304 279.1968 276.4536 273.4056 269.1384 265.176 261.2136 258.4704 255.7272 253.2888 251.7648 249.936 248.5949 248.1072 248.0462 247.9853 247.9243 247.8634 247.8024 247.4976 247.1928 246.888 246.888 246.5832 246.2784 246.2174 246.1565 246.0955 246.0346 245.9736
301.752 301.3862 301.3558 301.3253 301.2948 301.2948 301.1424 300.8376 300.5328 300.228 299.6184 299.3136 299.0088 298.704 298.3992 298.0944 297.7896 297.18 296.2656 295.656 294.7416 294.132 293.5224 292.9128 292.3032 290.1696 289.2552 288.036 287.4264 286.512 285.9024 285.5976 285.2928 284.3784 282.8544 280.7208 277.9776 274.9296 271.5768 267.9192 263.9568 260.2992 256.9464 254.508 252.6792 250.5456 249.3264 248.412 248.0462 247.9853 247.9243 247.8634 247.8024 247.4976 247.1928 247.0404 246.5832 246.2784 246.2784 246.2174 246.1565 246.0955 246.0346 245.9736
301.4167 301.3558 301.3253 301.2948 301.1424 300.8376 300.5328 300.228 299.6184 299.3136 299.0088 298.704 298.3992 297.7896 297.4848 297.18 296.8752 296.5704 295.656 294.7416 294.132 293.2176 292.608 291.9984 291.6936 289.56 288.6456 288.036 287.4264 286.512 285.9024 285.5976 285.2928 284.988 284.0736 282.5496 279.8064 276.4536 273.4056 269.1384 265.176 261.2136 258.4704 255.7272 253.2888 251.7648 249.936 248.5949 248.1072 247.9853 247.9243 247.8634 247.8024 247.4976 247.1928 247.0404 246.888 246.5832 246.2174 246.1565 246.0955 246.0346 245.9736 245.9736
301.3862 301.3253 301.2948 301.1424 300.5328 300.228 299.6184 299.3136 299.0088 298.704 298.3992 297.7896 297.4848 297.18 296.5704 296.2656 295.9608 295.656 294.7416 294.132 293.2176 292.3032 291.6936 291.3888 290.7792 289.2552 288.3408 287.7312 287.1216 286.512 285.9024 285.5976 285.2928 284.988 284.3784 283.1592 281.6352 278.892 276.1488 272.1864 267.9192 263.9568 260.604 256.9464 254.508 252.6792 250.5456 249.3264 248.412 248.0462 247.9243 247.8634 247.8024 247.4976 247.1928 247.0404 246.888 246.5832 246.2784 246.2174 246.1565 246.0955 245.9736 245.6688
301.3558 301.2948 301.1424 300.5328 299.9232 299.6184 299.0088 298.704 298.3992 297.7896 297.4848 297.18 296.5704 296.2656 295.656 295.0464 294.7416 294.7416 294.132 293.2176 292.3032 291.6936 291.084 290.4744 290.1696 289.2552 288.036 287.4264 286.8168 286.2072 285.5976 285.2928 285.2928 284.988 283.7688 282.5496 281.3304 280.1112 278.892 275.5392 271.5768 267.3096 263.3472 259.3848 255.7272 253.2888 251.7648 250.2408 248.7168 248.1072 247.9853 247.8634 247.8024 247.4976 247.1928 247.0404 246.888 246.5832 246.2784 246.2174 246.1565 246.0955 246.0346 245.6688
301.1424 300.8376 300.5328 299.9232 299.3136 299.0088 298.3992 297.7896 297.4848 297.18 296.5704 296.2656 295.656 295.0464 294.7416 294.4368 293.8272 293.8272 293.2176 292.3032 291.6936 290.7792 290.1696 289.8648 289.56 289.2552 288.3408 287.4264 286.512 285.9024 285.5976 285.2928 284.988 284.988 283.464 281.94 280.7208 279.8064 278.5872 277.0632 274.0152 270.3576 266.0904 261.2136 256.9464 254.508 252.6792 251.1552 249.6312 248.412 248.0462 247.9243 247.8024 247.4976 247.1928 247.0404 246.888 246.5832 246.2784 246.2174 246.1565 246.0955 246.0346 245.9736
300.5328 300.5328 299.9232 299.3136 298.704 298.0944 297.4848 297.18 296.5704 296.2656 295.656 295.0464 294.7416 294.4368 293.8272 293.5224 293.2176 292.608 292.3032 291.6936 290.7792 290.1696 289.8648 289.56 289.4076 288.9504 288.859 288.036 287.4264 286.512 285.9024 285.5976 285.2928 284.6832 283.464 281.94 280.7208 279.8064 278.5872 277.6728 275.2344 272.4912 268.5288 263.652 259.3848 256.6416 254.2032 252.3744 250.5456 248.7168 248.1072 247.9853 247.8634 247.8024 247.4976 247.1928 246.888 246.5832 246.2784 246.2174 246.1565 246.0955 246.0346 245.9736
300.5328 299.9232 299.3136 298.704 298.0944 297.4848 296.8752 296.2656 295.656 295.0464 294.7416 294.4368 293.8272 293.5224 293.2176 292.608 292.3032 291.9984 291.3888 290.7792 290.1696 289.8648 289.56 289.4076 288.9504 288.859 288.737 288.036 287.4264 286.512 285.9024 285.5976 285.2928 284.988 283.464 281.94 280.7208 279.8064 278.5872 277.6728 276.4536 274.0152 270.3576 266.0904 261.8232 258.7752 256.032 253.5936 251.7648 249.6312 248.412 248.0462 247.9243 247.8024 247.4976 247.1928 247.0404 246.5832 246.2784 246.2174 246.1565 246.0955 246.0346 245.9736
299.9232 299.3136 298.704 298.0944 297.4848 296.8752 296.2656 295.656 295.0464 294.4368 293.8272 293.5224 293.2176 292.608 292.3032 291.9984 291.3888 290.7792 290.4744 290.1696 289.8648 289.56 289.2552 288.9504 288.859 288.737 288.6761 288.036 287.4264 286.512 285.9024 285.5976 285.2928 284.988 283.464 281.94 280.7208 279.8064 278.5872 277.6728 276.7584 275.2344 272.4912 268.5288 264.2616 260.9088 257.8608 255.1176 252.984 250.5456 248.7168 248.1072 247.9853 247.8634 247.8024 247.4976 247.1928 246.888 246.5832 246.2174 246.1565 246.0955 246.0346 245.9736
299.3136 298.704 298.0944 297.4848 296.8752 296.2656 295.656 295.0464 294.4368 293.5224 293.2176 292.608 292.3032 291.9984 291.3888 290.7792 290.4744 290.4744 290.1696 289.8648 289.56 289.2552 288.9504 288.859 288.6761 288.6761 288.6456 288.036 287.4264 286.512 285.9024 285.5976 285.2928 284.3784 283.1592 281.94 280.7208 279.5016 278.5872 277.6728 276.7584 275.844 274.0152 270.3576 266.7 263.3472 260.604 257.556 255.1176 252.6792 250.5456 248.7168 248.1072 247.9243 247.8024 247.4976 247.1928 247.0404 246.5832 246.2784 246.2174 246.1565 246.0955 245.9736
298.704 298.0944 297.4848 296.8752 296.2656 295.656 295.0464 294.4368 293.5224 292.9128 292.3032 291.9984 291.3888 291.084 290.4744 290.4744 290.4744 290.1696 289.8648 289.56 289.2552 288.9504 288.7066 288.6761 288.6456 288.6151 288.5846 288.036 287.4264 286.512 285.9024 285.5976 285.2928 283.7688 282.5496 281.3304 280.1112 279.1968 278.2824 277.368 276.4536 275.844 275.2344 272.4912 269.1384 266.0904 263.0424 260.2992 257.556 254.8128 252.3744 250.5456 248.7168 248.1072 247.8634 247.8024 247.4976 247.1928 246.888 246.5832 246.2174 246.1565 246.0955 246.0346
298.0944 297.4848 296.8752 296.2656 295.656 295.0464 294.4368 293.5224 292.9128 292.3032 291.9984 291.3888 291.084 290.4744 290.4744 290.1696 290.1696 289.8648 289.56 289.2552 288.9504 288.7066 288.6761 288.6456 288.6151 288.5846 288.5542 288.3408 287.4264 286.512 285.9024 285.5976 284.988 283.464 281.94 280.7208 279.8064 278.5872 277.6728 276.7584 275.844 275.5392 275.4173 274.0152 271.272 268.5288 265.7856 263.0424 260.2992 257.2512 254.8128 252.3744 250.5456 248.7168 248.1072 247.8024 247.4976 247.1928 247.0404 246.5832 246.2784 246.2174 246.1565 246.0955
297.7896 297.18 296.5704 295.656 295.0464 294.4368 293.5224 292.9128 292.3032 291.9984 291.3888 291.084 290.4744 290.4744 290.1696 289.8648 289.8648 289.56 289.2552 288.9504 288.7066 288.6761 288.6456 288.6151 288.5846 288.5542 288.5237 288.4932 288.036 287.4264 286.512 285.9024 285.2928 283.7688 281.94 280.7208 279.8064 278.5872 277.6728 276.7584 275.844 275.5392 275.4782 275.2344 272.796 270.3576 267.9192 265.4808 263.0424 260.2992 257.2512 254.8128 252.3744 250.5456 248.7168 248.1072 247.8024 247.4976 247.1928 246.888 246.5832 246.2174 246.1565 246.0955
297.4848 296.8752 295.9608 295.3512 294.4368 293.5224 292.9128 292.3032 291.9984 291.3888 291.084 290.4744 290.4744 290.1696 289.8648 289.8648 289.7124 289.2552 288.9504 288.7066 288.6761 288.6456 288.6151 288.5846 288.5542 288.5237 288.4932 288.4932 288.3408 287.4264 286.512 285.9024 285.5976 284.0736 282.2448 281.0256 279.8064 278.5872 277.6728 277.0632 276.1488 275.844 275.5392 275.4173 274.32 272.1864 270.0528 267.9192 265.4808 263.0424 260.2992 257.2512 254.8128 252.3744 250.5456 249.0216 248.1072 247.8024 247.4976 247.1928 246.5832 246.2784 246.2174 246.1565
297.18 296.5704 295.656 294.7416 293.8272 292.9128 292.3032 291.9984 291.3888 291.084 290.4744 290.4744 290.1696 289.8648 289.8648 289.7124 289.56 289.2552 288.7066 288.6761 288.6456 288.6151 288.5846 288.5542 288.5237 288.4932 288.4932 288.4627 288.4323 288.036 287.4264 286.512 285.9024 284.3784 282.8544 281.3304 280.1112 278.892 277.9776 277.368 276.4536 275.844 275.5392 275.4173 275.2344 274.0152 272.1864 270.0528 267.9192 265.4808 263.0424 260.2992 257.2512 254.508 252.3744 250.5456 249.0216 248.1072 247.8024 247.4976 247.1928 246.5832 246.2174 246.1565
296.8752 295.9608 295.3512 294.4368 293.5224 292.608 291.9984 291.6936 291.084 290.7792 290.4744 290.1696 289.8648 289.8648 289.7124 289.56 289.2552 288.798 288.7066 288.6761 288.6456 288.6151 288.5846 288.5542 288.5237 288.4932 288.4627 288.4323 288.4323 288.3408 287.4264 286.512 285.9024 284.988 283.464 281.94 280.7208 279.8064 278.5872 277.6728 276.7584 275.844 275.5392 275.4173 275.2344 275.2344 274.0152 272.1864 270.0528 267.9192 265.4808 263.0424 260.2992 257.2512 254.508 252.3744 250.5456 249.0216 248.1072 247.8024 247.4976 247.1928 246.5832 246.2174
296.5704 295.656 294.7416 293.8272 292.9128 292.3032 291.9984 291.3888 290.7792 290.4744 290.1696 289.8648 289.8648 289.7124 289.56 289.499 288.9504 288.7066 288.6761 288.6456 288.6151 288.5846 288.5542 288.5237 288.4932 288.4932 288.4627 288.4323 288.4018 288.4018 288.036 287.4264 286.512 284.988 283.464 281.94 280.7208 279.8064 278.5872 277.6728 276.7584 275.844 275.5392 275.4173 275.2953 275.2344 274.9296 274.0152 272.1864 270.0528 267.9192 265.4808 263.0424 260.2992 257.556 254.508 252.3744 250.5456 249.3264 248.412 247.8024 247.4976 247.1928 246.5832
295.9608 295.3512 294.4368 293.5224 292.608 291.9984 291.6936 291.084 290.7792 290.1696 290.0172 289.8648 289.7124 289.56 289.499 289.2552 288.798 288.7066 288.6761 288.6456 288.6151 288.5846 288.5542 288.5237 288.4932 288.4627 288.4323 288.4323 288.4018 288.3713 288.3408 287.4264 286.512 284.988 283.464 281.94 280.7208 279.8064 278.5872 277.6728 276.7584 275.844 275.5392 275.4173 275.3563 275.2344 275.2344 274.9296 273.7104 272.1864 270.0528 267.9192 265.7856 263.3472 260.604 257.556 254.508 252.3744 250.8504 249.6312 248.7168 248.1072 247.4976 247.1928
295.656 294.7416 293.8272 292.9128 292.3032 291.9984 291.3888 290.7792 290.4744 290.1696 289.8648 289.8648 289.56 289.499 289.4686 288.9504 288.7066 288.6761 288.6456 288.6151 288.5846 288.5542 288.5237 288.4932 288.4932 288.4627 288.4323 288.4018 288.4018 288.3713 288.3408 287.7312 286.8168 285.2928 283.7688 281.94 280.7208 279.8064 278.5872 277.6728 276.7584 275.844 275.5392 275.4782 275.4173 275.2953 275.2344 274.9296 274.32 273.4056 271.8816 270.3576 268.5288 266.3952 263.652 260.604 257.556 254.508 252.6792 251.1552 249.936 249.0216 248.412 247.8024
295.3512 294.4368 293.5224 292.608 291.9984 291.6936 291.084 290.7792 290.1696 290.0172 289.8648 289.7124 289.56 289.499 289.2552 288.798 288.7066 288.6761 288.6456 288.6151 288.5846 288.5542 288.5237 288.4932 288.4627 288.4323 288.4323 288.4018 288.3713 288.3713 288.3408 288.036 287.1216 285.5976 284.0736 282.2448 281.0256 279.8064 278.5872 277.6728 277.0632 276.1488 275.844 275.5392 275.4173 275.3563 275.2344 275.2344 274.9296 273.7104 272.796 271.8816 270.3576 268.5288 266.3952 263.652 260.604 257.8608 256.032 254.508 252.6792 251.1552 249.936 249.0216
294.7416 293.8272 292.9128 292.3032 291.9984 291.3888 290.7792 290.4744 290.1696 289.8648 289.8648 289.56 289.499 289.4686 288.9504 288.7066 288.6761 288.6456 288.6151 288.5846 288.5542 288.5237 288.4932 288.4932 288.4627 288.4323 288.4018 288.4018 288.3713 288.3408 288.3408 288.3103 287.4264 285.9024 284.3784 282.8544 281.3304 280.1112 278.892 277.9776 277.368 276.4536 275.844 275.5392 275.4782 275.4173 275.2953 275.2344 274.9296 274.32 273.7104 272.796 271.8816 270.3576 268.8336 266.3952 263.9568 261.5184 259.6896 257.8608 256.032 254.508 252.6792 251.1552
294.7416 293.5224 292.608 291.9984 291.6936 291.084 290.7792 290.1696 290.0172 289.8648 289.7124 289.56 289.499 289.4686 288.798 288.7066 288.6761 288.6456 288.6151 288.5846 288.5542 288.5237 288.4932 288.4627 288.4323 288.4323 288.4018 288.3713 288.3713 288.3408 288.3103 288.3103 287.7312 286.512 284.988 283.464 282.2448 281.0256 279.8064 278.5872 277.6728 276.7584 276.1488 275.844 275.5392 275.4173 275.3563 275.2344 275.2344 274.9296 274.32 273.7104 272.796 271.8816 270.3576 268.8336 267.0048 264.8712 263.3472 261.5184 259.6896 257.8608 256.032 254.508
294.7416 293.5224 292.608 291.9984 291.3888 290.7792 290.4744 290.1696 289.8648 289.8648 289.56 289.499 289.4686 288.9504 288.798 288.7066 288.6761 288.6456 288.6151 288.5846 288.5542 288.5237 288.4932 288.4627 288.4323 288.4018 288.4018 288.3713 288.3408 288.3408 288.3103 288.2798 288.036 287.1216 285.9024 284.3784 282.8544 281.3304 280.1112 278.892 277.9776 277.0632 276.4536 275.844 275.5392 275.4782 275.4173 275.2953 275.2344 275.2344 274.9296 274.32 273.7104 272.796 271.8816 270.3576 269.1384 267.6144 266.0904 264.8712 263.3472 261.5184 259.6896 257.8608
294.4368 293.5224 292.608 291.9984 291.3888 290.7792 290.1696 290.0172 289.8648 289.7124 289.56 289.499 289.4686 288.9504 288.798 288.7066 288.6761 288.6456 288.6151 288.5846 288.5542 288.5237 288.4932 288.4627 288.4323 288.4018 288.3713 288.3713 288.3408 288.3103 288.3103 288.2798 288.2494 287.7312 286.512 284.988 283.464 282.2448 281.0256 279.8064 278.5872 277.6728 276.7584 276.1488 275.844 275.5392 275.4173 275.3563 275.2953 275.2344 275.2344 274.9296 274.32 273.7104 272.796 271.8816 270.6624 269.748 268.8336 267.6144 266.0904 264.8712 263.3472 261.5184
294.132 293.5224 292.608 291.9984 291.3888 290.7792 290.1696 290.0172 289.8648 289.56 289.499 289.4686 289.4076 288.9504 288.798 288.7066 288.6761 288.6456 288.6151 288.5846 288.5542 288.5237 288.4932 288.4627 288.4323 288.4018 288.3713 288.3408 288.3408 288.3103 288.2798 288.2798 288.2494 288.036 287.1216 285.9024 284.3784 282.8544 281.3304 280.1112 278.892 277.9776 277.0632 276.4536 275.844 275.5392 275.4782 275.4173 275.3563 275.2953 275.2344 275.2344 274.9296 274.32 273.7104 273.4056 272.796 271.8816 270.6624 269.748 268.8336 267.6144 266.0904 264.8712
294.132 293.2176 292.608 291.9984 291.3888 290.7792 290.1696 290.0172 289.8648 289.56 289.499 289.4686 289.4076 288.9504 288.798 288.7066 288.6761 288.6456 288.6151 288.5846 288.5542 288.5237 288.4932 288.4627 288.4323 288.4018 288.3713 288.3408 288.3103 288.3103 288.2798 288.2494 288.2494 288.2189 287.7312 286.512 284.988 283.464 282.2448 281.0256 279.8064 278.5872 277.6728 276.7584 276.1488 275.844 275.5392 275.4782 275.4173 275.3563 275.2953 275.2344 275.2344 275.2344 274.9296 274.32 273.7104 273.4056 272.796 271.8816 270.6624 269.748 268.8336 267.6144
293.8272 292.9128 292.3032 291.9984 291.3888 290.7792 290.1696 290.0172 289.8648 289.56 289.499 289.4686 289.4076 288.9504 288.7066 288.6761 288.6456 288.6151 288.5846 288.5542 288.5237 288.4932 288.4932 288.4627 288.4323 288.4018 288.3713 288.3408 288.3103 288.2798 288.2798 288.2494 288.2189 288.2189 288.036 287.1216 285.9024 284.3784 282.8544 281.3304 280.1112 278.892 277.9776 277.0632 276.4536 276.1488 275.844 275.5392 275.4782 275.4173 275.3563 275.2953 275.2953 275.2344 275.2344 275.2344 274.9296 274.32 273.7104 273.4056 272.796 271.8816 270.6624 269.748
