AG2411_project/forTest.asc
ncols         180
nrows         180
xllcorner     0.0
yllcorner     0.0
cellsize      20.0
NODATA_value  -9999.0
[rows 84 to 111 of 180, columns 0 to 63 of 180]
322.7832 322.1736 321.564 320.9544 320.3448 319.7352 318.8208 317.9064 316.992 316.0776 315.1632 314.2488 313.0296 312.1152 311.2008 309.9816 309.0672 307.848 306.6288 304.8 303.276 302.3616 299.7098 299.7098 299.6794 299.6794 299.3136 298.3992 297.4848 296.8752 295.9608 295.3512 294.7416 294.132 293.5224 293.2176 292.9128 292.9128 292.6994 292.669 292.6385 292.608 292.547 292.5166 292.4556 292.4251 292.4251 292.3946 292.3642 292.3642 292.3032 292.3032 291.9984 291.3888 290.7792 290.1696 289.8648 288.9504 288.3408 287.4264 286.512 285.5976 284.3784 283.464
322.7832 322.1736 321.564 320.9544 320.3448 319.7352 319.1256 318.2112 317.2968 316.3824 315.468 314.5536 313.6392 312.7248 311.8104 310.5912 309.6768 308.4576 307.2384 305.7144 304.1904 302.3616 299.8318 299.7098 299.7098 299.6794 299.6794 298.704 298.0944 297.18 296.5704 295.9608 295.3512 294.4368 293.8272 293.5224 293.2176 292.9128 292.9128 292.6994 292.6385 292.608 292.5775 292.547 292.5166 292.4556 292.4251 292.3946 292.3946 292.3642 292.3337 292.3032 291.9984 291.6936 290.9316 290.6268 290.1696 289.8648 288.9504 288.036 287.4264 286.2072 285.2928 284.3784
322.7832 322.1736 321.8688 321.2592 320.6496 320.04 319.4304 318.8208 317.9064 316.992 316.0776 315.1632 314.2488 313.0296 312.1152 311.2008 309.9816 309.0672 307.848 306.6288 304.8 303.276 302.3616 299.8318 299.7098 299.7098 299.6794 299.3136 298.704 297.7896 297.18 296.5704 295.656 295.0464 294.4368 293.8272 293.5224 293.2176 292.9128 292.9128 292.6994 292.6385 292.608 292.547 292.5166 292.4556 292.4251 292.4251 292.3946 292.3642 292.3642 292.3032 292.3032 291.9984 291.6936 290.7792 290.6268 290.1696 289.56 288.9504 288.036 287.1216 285.9024 284.988
323.088 322.4784 322.1736 321.564 320.9544 320.3448 319.7352 319.1256 318.2112 317.2968 316.3824 315.468 314.5536 313.6392 312.7248 311.8104 310.5912 309.6768 308.4576 307.2384 305.7144 304.4952 303.276 299.9232 299.8318 299.7098 299.7098 299.6794 299.3136 298.3992 297.7896 297.18 296.2656 295.656 295.0464 294.4368 293.8272 293.5224 293.2176 292.9128 292.9128 292.6994 292.6385 292.608 292.547 292.5166 292.4556 292.4251 292.3946 292.3946 292.3642 292.3642 292.3032 292.3032 291.9984 290.9316 290.7792 290.6268 290.1696 289.56 288.6456 287.7312 286.512 285.5976
323.088 322.7832 322.1736 321.8688 321.2592 320.6496 320.04 319.4304 318.8208 317.9064 316.992 316.0776 315.1632 314.2488 313.0296 312.1152 311.2008 309.9816 309.0672 307.848 306.6288 305.4096 304.4952 303.276 299.9232 299.8318 299.7098 299.7098 299.7098 299.0088 298.3992 297.7896 297.18 296.2656 295.656 295.0464 294.4368 293.8272 293.5224 293.2176 292.9128 292.9128 292.6994 292.6385 292.608 292.547 292.4556 292.4251 292.4251 292.3946 292.3946 292.3642 292.3642 292.3032 292.3032 291.9984 290.9316 290.7792 290.4744 290.1696 289.56 288.3408 287.4264 286.512
323.3928 323.088 322.4784 322.1736 321.564 320.9544 320.3448 319.7352 319.1256 318.2112 317.2968 316.3824 315.468 314.5536 313.6392 312.7248 311.8104 310.5912 309.6768 308.4576 307.5432 306.324 305.4096 304.4952 303.276 299.9232 299.8318 299.8318 299.7098 299.7098 299.0088 298.3992 297.7896 297.18 296.2656 295.656 295.0464 294.4368 293.8272 293.5224 293.2176 292.9128 292.9128 292.7604 292.6385 292.608 292.547 292.4556 292.4251 292.4251 292.3946 292.3946 292.3642 292.3642 292.3032 292.3032 291.9984 290.9316 290.7792 290.4744 290.1696 289.56 288.3408 287.4264
323.3928 323.088 322.7832 322.1736 321.8688 321.2592 320.6496 320.04 319.4304 318.8208 317.9064 316.992 316.0776 315.1632 314.2488 313.3344 312.42 311.5056 310.2864 309.372 308.4576 307.5432 306.324 305.4096 304.4952 303.276 299.9232 299.8927 299.8318 299.8318 299.7098 299.0088 298.3992 297.7896 297.18 296.2656 295.656 295.0464 294.4368 294.132 293.5224 293.2176 293.2176 292.9128 292.9128 292.7604 292.608 292.547 292.4556 292.4251 292.4251 292.3946 292.3946 292.3642 292.3642 292.3032 292.3032 291.9984 290.9316 290.7792 290.4744 290.1696 289.56 288.3408
323.6976 323.3928 323.088 322.4784 322.1736 321.564 320.9544 320.3448 319.7352 319.1256 318.2112 317.2968 316.3824 315.7728 314.8584 313.944 313.0296 312.1152 311.2008 310.2864 309.372 308.4576 307.5432 306.324 305.4096 304.4952 303.5808 299.9232 299.9232 299.8927 299.8318 299.8318 299.0088 298.3992 297.7896 297.18 296.2656 295.656 295.0464 294.7416 294.132 293.8272 293.5224 293.2176 293.2176 292.9128 292.9128 292.608 292.547 292.4556 292.4251 292.4251 292.3946 292.3946 292.3946 292.3642 292.3032 292.3032 291.9984 290.9316 290.9316 290.4744 290.1696 289.56
323.6976 323.3928 323.088 322.7832 322.1736 321.8688 321.2592 320.6496 320.04 319.4304 318.8208 317.9064 317.2968 316.3824 315.7728 314.8584 313.944 313.0296 312.1152 311.2008 310.2864 309.372 308.4576 307.5432 306.324 305.4096 304.4952 303.5808 302.0568 299.9232 299.9232 299.8927 299.8318 299.0088 298.3992 297.7896 297.18 296.2656 295.9608 295.3512 294.7416 294.4368 293.8272 293.5224 293.2176 293.2176 292.9128 292.9128 292.608 292.5775 292.4556 292.4251 292.4251 292.4251 292.3946 292.3946 292.3946 292.3032 292.3032 291.9984 291.6936 290.9316 290.4744 290.1696
324.0024 323.6976 323.3928 323.088 322.4784 322.1736 321.564 320.9544 320.6496 320.04 319.4304 318.8208 317.9064 317.2968 316.3824 315.7728 314.8584 313.944 313.0296 312.1152 311.2008 310.2864 309.372 308.4576 307.5432 306.324 305.4096 304.4952 303.8856 302.6664 301.752 299.9232 299.9232 299.8927 299.3136 298.704 298.0944 297.18 296.8752 296.2656 295.656 295.0464 294.7416 294.132 293.8272 293.5224 293.2176 292.9128 292.9128 292.608 292.5775 292.547 292.4556 292.4251 292.4251 292.4251 292.3946 292.3946 292.3032 292.3032 291.9984 291.6936 291.3888 290.7792
324.3072 323.6976 323.6976 323.3928 322.7832 322.4784 321.8688 321.564 320.9544 320.6496 320.04 319.4304 318.8208 317.9064 317.2968 316.3824 315.7728 314.8584 313.944 313.0296 312.1152 311.2008 310.2864 309.372 308.4576 307.5432 306.6288 305.7144 304.8 303.8856 302.6664 301.752 301.4472 299.9232 299.9232 299.6184 299.0088 298.3992 297.7896 296.8752 296.2656 295.656 295.3512 294.7416 294.4368 293.8272 293.5224 293.2176 292.9128 292.9128 292.608 292.608 292.547 292.4861 292.4556 292.4251 292.4251 292.4251 292.3946 292.3032 292.3032 291.9984 291.9984 291.6936
324.3072 324.0024 323.6976 323.6976 323.3928 322.7832 322.4784 321.8688 321.564 320.9544 320.6496 320.04 319.4304 318.8208 317.9064 317.2968 316.3824 315.7728 314.8584 313.944 313.0296 312.1152 311.2008 310.2864 309.372 308.4576 307.848 306.9336 306.0192 305.1048 303.8856 302.6664 302.0568 301.752 301.4472 300.5328 299.9232 299.3136 298.3992 297.4848 296.8752 296.2656 295.656 295.3512 294.7416 294.4368 293.8272 293.5224 293.2176 292.9128 292.9128 292.9128 292.608 292.608 292.547 292.4861 292.4556 292.4251 292.4251 292.4251 292.4251 292.3032 292.3032 291.9984
324.612 324.3072 324.0024 323.6976 323.6976 323.3928 322.7832 322.4784 321.8688 321.564 320.9544 320.6496 320.04 319.4304 318.8208 317.9064 317.2968 316.3824 315.7728 314.8584 314.2488 313.3344 312.42 311.5056 310.5912 309.6768 309.0672 308.4576 307.848 306.6288 305.4096 304.1904 303.5808 302.6664 302.0568 301.4472 300.8376 300.228 299.0088 298.0944 297.18 296.2656 295.656 295.656 295.3512 294.7416 294.4368 293.8272 293.5224 293.5224 293.2176 292.9128 292.9128 292.9128 292.608 292.5775 292.547 292.4861 292.4556 292.4556 292.4556 292.4556 292.4556 292.3032
325.2216 324.612 324.3072 324.0024 323.6976 323.6976 323.3928 322.7832 322.4784 321.8688 321.564 320.9544 320.6496 320.04 319.4304 318.8208 317.9064 317.2968 316.6872 316.0776 315.1632 314.5536 313.6392 312.7248 311.8104 311.2008 310.5912 309.6768 309.0672 308.4576 307.2384 306.0192 304.8 303.8856 302.9712 302.3616 301.752 301.1424 300.228 299.0088 298.0944 297.18 296.2656 295.656 295.656 295.3512 294.7416 294.4368 294.132 293.8272 293.5224 293.5224 293.2176 292.9128 292.9128 292.608 292.608 292.5775 292.547 292.4861 292.4861 292.4861 292.4861 292.4861
325.8312 325.2216 324.612 324.3072 324.0024 323.6976 323.6976 323.3928 322.7832 322.4784 321.8688 321.564 321.2592 320.6496 320.04 319.4304 318.8208 318.2112 317.6016 316.992 316.3824 315.468 314.8584 313.944 313.3344 312.42 311.8104 311.2008 310.5912 309.6768 308.7624 307.5432 306.324 305.1048 303.8856 303.276 302.9712 302.3616 301.1424 300.228 299.0088 298.0944 297.18 296.2656 295.656 295.656 295.3512 295.0464 294.4368 294.4368 294.132 293.8272 293.5224 293.2176 292.9128 292.9128 292.9128 292.608 292.608 292.5775 292.5775 292.547 292.547 292.547
326.7456 325.8312 325.2216 324.612 324.3072 324.0024 324.0024 323.6976 323.3928 323.088 322.4784 322.1736 321.8688 321.2592 320.9544 320.3448 319.7352 319.1256 318.516 317.9064 317.2968 316.6872 316.0776 315.1632 314.5536 313.944 313.3344 312.42 311.8104 310.896 309.9816 308.7624 307.5432 306.324 305.1048 304.4952 303.8856 303.276 302.3616 301.1424 300.228 299.0088 298.0944 297.18 296.2656 295.656 295.656 295.3512 295.3512 295.0464 294.4368 294.4368 294.132 293.8272 293.5224 293.2176 292.9128 292.9128 292.9128 292.608 292.608 292.5775 292.5775 292.5775
327.1114 326.7456 325.8312 325.2216 324.612 324.3072 324.3072 324.0024 324.0024 323.6976 323.3928 323.088 322.4784 322.1736 321.564 320.9544 320.3448 320.04 319.4304 319.1256 318.516 317.9064 317.2968 316.6872 315.7728 315.1632 314.5536 313.6392 312.7248 311.8104 310.896 309.9816 309.0672 307.848 306.6288 305.7144 305.1048 304.4952 303.276 302.3616 301.1424 300.228 299.0088 298.0944 297.18 296.2656 295.656 295.656 295.656 295.3512 295.3512 295.0464 294.4368 294.4368 294.132 293.8272 293.5224 293.2176 292.9128 292.9128 292.9128 292.608 292.608 292.608
327.0504 327.1114 326.7456 325.8312 325.2216 324.9168 324.612 324.3072 324.3072 324.0024 324.0024 323.6976 323.3928 323.088 322.4784 321.8688 321.2592 320.9544 320.3448 320.04 319.4304 319.1256 318.516 317.9064 317.2968 316.3824 315.468 314.2488 312.7248 312.6943 311.8104 310.896 309.9816 309.0672 307.848 307.2384 306.324 305.7144 304.4952 303.276 302.3616 301.1424 300.228 299.3136 298.0944 297.18 296.5704 296.2656 295.656 295.656 295.656 295.3512 295.3512 295.0464 294.4368 294.4368 294.132 293.8272 293.5224 293.2176 292.9128 292.9128 292.9128 292.9128
326.4408 326.7456 327.0504 326.7456 326.136 325.8312 325.2216 324.9168 324.612 324.3072 324.3072 324.0024 324.0024 323.6976 323.3928 322.7832 322.1736 321.8688 321.2592 320.9544 320.3448 320.04 319.4304 319.1256 317.9064 316.6872 315.468 314.5536 312.7248 312.6943 312.1152 311.5056 310.7436 309.9816 309.0672 308.4576 307.848 306.9336 306.324 305.4096 304.4952 303.276 302.3616 301.1424 300.228 299.3136 298.0944 297.18 296.5704 296.2656 295.656 295.656 295.656 295.3512 295.3512 295.0464 294.4368 294.4368 294.132 293.8272 293.5224 293.5224 293.5224 293.5224
326.136 326.4408 326.4408 326.4408 326.4408 326.4408 326.136 325.8312 325.2216 324.9168 324.612 324.3072 324.3072 324.3072 324.0024 323.6976 323.3928 322.7832 322.1736 321.8688 321.2592 320.9544 320.3448 319.1256 317.9064 316.992 315.7728 314.8584 312.7248 312.6943 312.6638 311.8104 311.2008 310.5912 309.9816 309.372 309.0672 308.4576 307.848 306.9336 306.324 305.4096 304.4952 303.276 302.3616 301.1424 300.228 299.3136 298.0944 297.18 296.5704 296.2656 295.656 295.656 295.656 295.656 295.3512 295.0464 294.4368 294.4368 294.4368 294.4368 294.4368 294.4368
325.2216 325.5264 326.136 326.136 326.136 326.136 326.136 326.4408 326.136 325.8312 325.2216 324.9168 324.9168 324.612 324.612 324.3072 324.0024 323.6976 323.3928 322.7832 322.1736 321.8688 320.6496 319.1256 317.9064 316.992 315.7728 314.8584 312.7248 312.6943 312.6638 312.1152 311.5056 310.7436 310.2864 309.6768 309.372 309.372 309.0672 308.4576 307.848 306.9336 306.324 305.4096 304.4952 303.276 302.3616 301.1424 300.228 299.3136 298.0944 297.18 296.5704 296.5704 296.5704 296.5704 296.5704 295.9608 295.3512 295.3512 295.3512 295.3512 295.3512 295.0464
323.6976 324.0024 325.2216 325.2216 325.2216 325.2216 325.2216 325.5264 326.136 326.4408 326.136 325.8312 325.5264 325.5264 325.2216 325.2216 325.2216 324.612 324.3072 323.6976 323.3928 321.8688 320.6496 319.1256 317.9064 316.992 315.7728 315.1632 312.7248 312.6943 312.6943 312.6638 311.8104 311.2008 310.5912 309.9816 309.6768 309.372 309.0672 309.0672 308.7624 308.1528 307.848 306.9336 306.324 305.4096 304.4952 303.5808 302.6664 301.752 300.5328 299.3136 298.3992 298.3992 298.3992 298.3992 298.0944 297.18 296.5704 296.5704 296.5704 296.5704 296.5704 295.9608
321.8688 322.1736 323.6976 323.6976 323.6976 323.6976 323.6976 324.0024 325.2216 325.5264 326.136 326.4408 326.4408 326.4408 326.136 326.136 326.136 325.8312 325.2216 324.9168 324.0024 322.4784 320.9544 319.4304 317.9064 316.992 316.0776 315.1632 314.5536 312.7248 312.6943 312.6638 312.1152 311.5056 310.7436 310.2864 309.6768 309.372 309.372 309.0672 308.7624 308.4576 308.1528 307.848 307.2384 306.6288 305.7144 305.4096 304.4952 304.1904 303.276 302.0568 300.8376 300.5328 300.5328 300.228 299.6184 298.704 298.0944 297.7896 297.7896 297.4848 297.4848 297.18
320.04 320.3448 321.8688 321.8688 321.8688 321.8688 321.8688 322.1736 323.6976 324.0024 325.2216 325.5264 326.136 326.4408 326.7456 327.1114 327.0504 326.7456 326.136 325.8312 324.612 323.088 321.564 320.04 318.516 317.6016 316.6872 315.7728 314.8584 312.7248 312.6943 312.6943 312.6638 311.8104 311.2008 310.5912 309.9816 309.6768 309.372 309.372 309.0672 308.7624 308.4576 308.1528 307.848 307.2384 306.9336 306.324 305.7144 304.8 304.1904 303.5808 302.6664 302.0568 301.4472 301.1424 300.5328 300.228 299.6184 299.3136 299.0088 298.704 298.704 298.704
318.2112 318.516 320.04 320.04 320.04 320.04 320.04 320.3448 321.8688 322.1736 323.6976 324.0024 325.2216 325.5264 326.4408 326.7456 327.1114 327.0504 326.7456 326.4408 325.2216 324.0024 322.4784 320.9544 319.4304 317.9064 316.992 316.0776 315.1632 314.5536 312.7248 312.6943 312.6638 312.1152 311.5056 310.7436 310.2864 309.9816 309.6768 309.372 309.372 309.0672 308.7624 308.4576 308.1528 307.848 307.2384 306.9336 306.324 305.7144 304.8 304.1904 303.5808 302.9712 302.3616 301.752 301.4472 301.1424 300.5328 300.228 299.9232 299.6184 299.6184 299.6184
316.3824 316.6872 318.2112 318.2112 318.2112 318.2112 318.2112 318.516 320.04 320.3448 321.8688 322.1736 323.6976 324.0024 325.2216 326.4408 326.7456 326.7456 326.4408 326.136 325.8312 324.612 323.088 321.564 320.04 318.516 317.6016 316.6872 315.7728 314.8584 312.7248 312.6943 312.6943 312.6638 311.8104 311.3532 310.5912 310.2864 309.9816 309.6768 309.372 309.372 309.0672 308.7624 308.4576 308.1528 307.848 307.2384 306.9336 306.324 305.7144 304.8 304.1904 303.5808 302.9712 302.3616 301.752 301.4472 301.1424 300.8376 300.8376 300.5328 300.228 300.228
314.5536 315.1632 316.3824 316.3824 316.3824 316.3824 316.3824 316.6872 318.2112 318.516 320.04 320.3448 321.8688 322.1736 323.6976 325.2216 326.4408 326.136 325.8312 325.8312 325.5264 324.9168 323.6976 322.1736 320.6496 319.4304 317.9064 316.992 316.0776 315.1632 314.5536 312.7248 312.6943 312.6638 312.42 311.5056 311.2008 310.5912 310.2864 309.9816 309.6768 309.372 309.372 309.0672 308.7624 308.4576 308.1528 307.848 307.2384 306.9336 306.324 305.7144 304.8 304.4952 303.8856 303.276 302.3616 301.752 301.4472 301.1424 301.1424 300.8376 300.8376 300.5328
313.0296 313.3344 314.5536 314.5536 314.5536 314.5536 314.5536 315.1632 316.3824 316.6872 318.2112 318.516 320.04 320.3448 321.8688 323.6976 325.2216 325.8312 325.5264 325.2216 324.9168 324.9168 323.6976 322.4784 321.2592 320.04 318.516 317.6016 316.6872 315.7728 314.8584 312.7248 312.6943 312.6943 312.6638 311.8104 311.5056 311.2008 310.5912 310.2864 309.9816 309.6768 309.6768 309.372 309.0672 308.7624 308.4576 308.1528 307.848 307.5432 306.9336 306.324 305.7144 305.1048 304.8 304.1904 303.276 302.3616 301.752 301.752 301.4472 301.1424 301.1424 300.8376
