AG2411_project/forTest.asc
ncols         180
nrows         180
xllcorner     0.0
yllcorner     0.0
cellsize      20.0
NODATA_value  -9999.0
[rows 56 to 83 of 180, columns 0 to 63 of 180]
313.944 312.7248 311.8104 310.896 308.7624 306.6288 305.4096 304.8 303.8856 303.276 302.3616 301.4472 300.8376 300.228 299.6489 299.3136 299.0088 298.3992 298.0944 297.4848 297.18 296.8752 296.5704 296.418 296.2656 295.9608 295.9608 295.656 295.0464 294.7416 294.132 293.8272 293.5224 293.2176 292.9128 292.9128 292.7909 292.7909 292.7604 292.7604 292.7299 292.7299 292.6994 292.669 292.669 292.669 292.6385 292.608 292.5775 292.5775 290.4744 288.9504 287.7312 287.1216 286.2072 284.988 283.7688 282.2448 279.1968 275.844 272.1864 268.8336 265.4808 263.3472
313.944 312.7248 311.8104 309.9816 307.848 306.0192 305.1048 304.4952 303.8856 302.9712 302.3616 301.4472 300.8376 300.228 299.6184 299.3136 298.704 298.0944 297.7896 297.4848 297.18 296.8752 296.5704 296.418 296.2656 295.9608 295.656 295.3512 294.7416 294.4368 293.8272 293.5224 293.2176 293.0652 292.9128 292.7909 292.7909 292.7604 292.7604 292.7299 292.7299 292.6994 292.669 292.669 292.6385 292.608 292.5775 292.5775 292.547 292.3032 290.4744 288.9504 287.7312 286.8168 285.9024 284.6832 283.464 281.94 278.892 275.844 272.796 269.748 266.7 263.9568
313.0296 312.1152 310.896 309.0672 307.2384 305.4096 304.8 304.1904 303.5808 302.9712 302.6664 301.752 301.1424 300.5328 299.6184 299.0088 298.3992 298.0944 297.4848 297.18 296.8752 296.8752 296.5704 296.418 296.2656 295.9608 295.656 295.0464 294.7416 294.132 293.8272 293.5224 293.2176 292.9128 292.9128 292.7909 292.7604 292.7604 292.7299 292.7299 292.6994 292.669 292.669 292.6385 292.608 292.5775 292.5775 292.547 292.5166 291.9984 290.4744 288.9504 287.7312 286.8168 285.5976 284.3784 283.1592 281.6352 278.5872 275.844 273.1008 270.3576 267.3096 264.2616
312.7248 311.8104 310.896 309.0672 307.5432 306.0192 305.1048 304.4952 303.8856 303.276 302.6664 301.752 301.1424 299.6489 299.6489 299.6184 298.704 298.0944 297.4848 297.18 296.8752 296.5704 296.5704 296.418 296.2656 295.9608 295.3512 294.7416 294.4368 293.8272 293.5224 293.2176 293.0652 292.9128 292.7909 292.7909 292.7604 292.7299 292.7299 292.6994 292.669 292.669 292.6385 292.608 292.5775 292.5775 292.547 292.5166 292.4861 291.6936 290.4744 288.9504 287.7312 286.8168 285.5976 284.3784 283.1592 281.0256 278.5872 275.844 273.4056 270.9672 267.6144 264.2616
312.7248 311.8104 310.896 309.372 307.848 306.6288 305.4096 304.8 304.1904 303.5808 302.9712 302.3616 301.4472 299.6794 299.6489 299.6184 299.0088 298.3992 297.7896 297.18 296.8752 296.5704 296.418 296.418 296.2656 295.9608 295.3512 294.7416 294.132 293.8272 293.5224 293.2176 292.9128 292.9128 292.7909 292.7604 292.7604 292.7299 292.6994 292.669 292.669 292.6385 292.608 292.5775 292.5775 292.547 292.5166 292.4861 292.4861 291.3888 290.1696 288.9504 287.7312 286.8168 285.5976 284.3784 283.1592 281.0256 278.5872 276.4536 274.0152 271.272 267.6144 264.2616
313.0296 312.1152 310.896 309.6768 308.4576 307.2384 305.4096 304.8 304.1904 303.5808 302.9712 302.3616 301.4472 299.7098 299.6489 299.6184 299.0088 298.3992 298.0944 297.4848 296.8752 296.5704 296.418 296.2656 296.2656 295.9608 295.3512 294.4368 293.8272 293.5224 293.2176 293.0652 292.9128 292.7909 292.7909 292.7604 292.7299 292.7299 292.6994 292.669 292.6385 292.608 292.5775 292.5775 292.547 292.5166 292.4861 292.4861 292.3032 291.084 289.2552 288.036 287.4264 286.8168 285.5976 284.0736 282.5496 280.7208 278.5872 276.7584 274.32 271.8816 267.9192 264.5664
313.944 312.7248 311.5056 310.2864 309.0672 307.2384 305.4096 304.8 304.1904 303.5808 302.9712 302.3616 301.4472 299.7403 299.6489 299.6184 299.0088 298.3992 298.0944 297.4848 297.18 296.8752 296.5704 296.2656 295.9608 295.9608 295.3512 294.4368 293.8272 293.5224 293.2176 292.9128 292.9128 292.7909 292.7604 292.7604 292.7299 292.6994 292.669 292.669 292.6385 292.608 292.5775 292.547 292.5166 292.4861 292.4861 292.4556 292.3032 290.4744 288.9504 287.7312 287.1216 286.2072 284.988 283.7688 282.2448 280.7208 278.892 277.0632 274.6248 272.1864 268.8336 265.4808
313.944 312.7248 311.8104 310.896 309.0672 307.2384 305.4096 304.8 304.1904 303.5808 302.9712 302.3616 301.4472 300.8376 299.6489 299.6184 299.0088 298.3992 298.0944 297.4848 297.18 296.8752 296.5704 296.2656 295.9608 295.656 295.3512 294.4368 293.8272 293.5224 293.2176 292.9128 292.7909 292.7909 292.7604 292.7299 292.7299 292.6994 292.669 292.6385 292.608 292.5775 292.5775 292.547 292.5166 292.4861 292.4556 292.4556 292.3032 290.4744 288.9504 287.7312 286.8168 285.9024 284.6832 283.464 281.94 280.416 278.892 277.368 275.2344 272.796 269.748 267.0048
313.944 312.7248 311.8104 310.896 309.0672 307.2384 305.4096 304.8 304.1904 303.5808 302.9712 302.6664 301.752 301.1424 299.6489 299.6184 299.0088 298.3992 298.0944 297.4848 297.18 296.8752 296.5704 296.2656 295.9608 295.656 295.0464 294.4368 293.8272 293.5224 293.2176 292.9128 292.7909 292.7604 292.7604 292.7299 292.6994 292.669 292.669 292.6385 292.608 292.5775 292.547 292.5166 292.4861 292.4861 292.4556 292.4251 291.9984 290.4744 288.9504 287.7312 286.8168 285.5976 284.3784 283.1592 281.94 280.7208 279.1968 277.6728 275.844 273.1008 270.6624 268.224
313.944 312.7248 311.8104 310.896 309.0672 307.5432 306.0192 305.1048 304.4952 303.8856 303.276 302.6664 301.752 301.1424 299.6489 299.6489 299.6184 298.704 298.0944 297.4848 297.18 296.8752 296.5704 296.418 295.9608 295.3512 294.7416 294.4368 293.8272 293.5224 293.2176 292.9128 292.7909 292.7604 292.7299 292.7299 292.6994 292.669 292.6385 292.608 292.5775 292.5775 292.547 292.5166 292.4861 292.4556 292.4556 292.3946 291.6936 290.4744 288.9504 288.036 286.8168 285.9024 284.6832 283.464 282.2448 281.0256 279.8064 278.2824 275.844 273.4056 270.9672 268.8336
313.944 312.7248 311.8104 310.896 309.372 307.848 306.6288 305.4096 304.8 304.1904 303.5808 302.9712 302.3616 301.752 299.6794 299.6489 299.6184 299.0088 298.3992 297.7896 297.18 296.8752 296.5704 296.418 295.9608 295.3512 294.7416 294.132 293.8272 293.5224 293.2176 292.9128 292.7909 292.7604 292.7299 292.6994 292.669 292.669 292.6385 292.608 292.5775 292.547 292.5166 292.4861 292.4861 292.4556 292.4251 292.3642 291.3888 290.1696 288.9504 288.036 287.1216 285.9024 284.988 283.7688 282.8544 281.6352 280.416 278.5872 276.4536 274.0152 271.5768 269.1384
313.944 313.0296 312.1152 310.896 309.6768 308.4576 307.2384 306.0192 305.1048 304.4952 303.8856 303.276 302.6664 301.752 299.7098 299.6489 299.6489 299.6184 298.704 298.0944 297.4848 296.8752 296.5704 296.418 295.9608 295.3512 294.4368 293.8272 293.5224 293.2176 293.0652 292.9128 292.7909 292.7604 292.7299 292.6994 292.669 292.6385 292.608 292.5775 292.5775 292.547 292.5166 292.4861 292.4556 292.4556 292.3946 292.3032 291.3888 290.1696 288.9504 288.036 287.1216 286.2072 285.2928 284.0736 283.1592 281.94 280.416 278.5872 276.7584 274.32 271.8816 269.4432
315.1632 313.944 312.7248 311.5056 310.2864 309.0672 307.848 306.6288 305.4096 304.8 304.1904 303.5808 302.9712 302.3616 299.7403 299.6794 299.6489 299.6184 299.0088 298.3992 297.7896 297.18 296.8752 296.5704 296.2656 295.3512 294.7416 294.132 293.5224 293.2176 292.9128 292.9128 292.7909 292.7604 292.7299 292.6994 292.669 292.6385 292.608 292.5775 292.547 292.5166 292.4861 292.4861 292.4556 292.4251 292.3642 292.3032 291.3888 290.4744 289.56 288.6456 287.7312 286.8168 285.5976 284.3784 283.1592 281.94 280.416 278.892 277.0632 274.6248 272.4912 270.3576
315.468 313.944 313.0296 312.1152 310.896 309.6768 308.4576 307.2384 306.0192 305.1048 304.4952 303.8856 303.276 302.6664 301.752 299.7098 299.6489 299.6489 299.6184 298.704 298.0944 297.4848 296.8752 296.5704 296.2656 295.656 294.7416 294.132 293.5224 293.2176 293.0652 292.7909 292.7909 292.7604 292.7299 292.6994 292.669 292.6385 292.608 292.5775 292.547 292.5166 292.4861 292.4556 292.4556 292.3946 292.3642 292.3032 291.3888 290.7792 289.8648 288.9504 287.7312 286.8168 285.5976 284.3784 283.1592 281.94 280.416 278.892 277.368 275.2344 273.1008 270.9672
316.6872 315.1632 313.944 312.7248 311.5056 310.2864 309.0672 307.848 306.6288 305.4096 304.8 304.1904 303.5808 302.9712 302.3616 299.7403 299.6794 299.6489 299.6184 299.0088 298.3992 297.7896 297.18 296.8752 296.2656 295.9608 295.0464 294.4368 293.8272 293.2176 293.2176 292.9128 292.7604 292.7604 292.7299 292.6994 292.669 292.6385 292.608 292.5775 292.547 292.5166 292.4861 292.4556 292.4251 292.3946 292.3642 292.3032 291.6936 291.084 290.1696 288.9504 287.7312 286.8168 285.5976 284.3784 283.1592 281.94 280.7208 279.1968 277.6728 275.844 273.7104 271.8816
316.992 315.468 313.944 313.0296 312.1152 310.896 309.6768 308.4576 307.2384 306.0192 305.1048 304.4952 303.8856 303.276 302.6664 301.752 299.7098 299.6489 299.6489 299.6184 298.704 298.0944 297.4848 296.8752 296.5704 295.9608 295.3512 294.4368 293.8272 293.5224 293.2176 292.9128 292.7909 292.7299 292.7299 292.6994 292.669 292.6385 292.608 292.5775 292.547 292.5166 292.4861 292.4556 292.4251 292.3946 292.3642 292.3032 291.6936 291.3888 290.1696 288.9504 288.036 286.8168 285.9024 284.6832 283.464 282.2448 281.0256 279.8064 278.2824 276.7584 274.6248 272.796
318.2112 316.6872 315.1632 313.944 312.7248 311.5056 310.2864 309.0672 307.848 306.6288 305.7144 305.1048 304.4952 303.5808 302.9712 302.3616 299.7403 299.6794 299.6489 299.6489 299.6184 298.3992 297.7896 297.18 296.5704 295.9608 295.3512 294.4368 293.8272 293.5224 293.2176 292.9128 292.7909 292.7604 292.6994 292.669 292.669 292.6385 292.608 292.5775 292.547 292.5166 292.4861 292.4556 292.4251 292.3946 292.3642 292.3032 291.9984 291.3888 290.1696 288.9504 288.036 287.1216 285.9024 284.988 283.7688 282.8544 281.6352 280.416 279.1968 277.6728 275.844 273.7104
318.516 316.992 315.468 313.944 313.0296 312.1152 310.896 309.6768 308.4576 307.2384 306.324 305.7144 304.8 304.1904 303.276 302.6664 302.0568 299.7098 299.6794 299.6489 299.6489 299.6184 298.0944 297.4848 296.8752 295.9608 295.3512 294.4368 293.8272 293.5224 293.2176 292.9128 292.7909 292.7604 292.7299 292.6994 292.6385 292.608 292.5775 292.5775 292.547 292.5166 292.4861 292.4556 292.4251 292.3946 292.3337 292.3032 291.9984 291.3888 290.1696 288.9504 288.036 287.1216 286.2072 285.2928 284.0736 283.1592 282.2448 281.0256 279.8064 278.2824 276.7584 274.6248
320.04 318.516 316.6872 315.1632 313.944 312.7248 311.5056 310.2864 309.0672 307.848 306.9336 306.324 305.4096 304.8 303.8856 302.9712 302.3616 299.7403 299.7098 299.6794 299.6489 299.6489 299.3136 297.7896 297.18 296.2656 295.3512 294.7416 294.132 293.5224 293.2176 292.9128 292.7909 292.7604 292.7299 292.6994 292.669 292.6385 292.608 292.547 292.5166 292.4861 292.4861 292.4556 292.4251 292.3642 292.3642 292.3032 292.3032 291.3888 290.4744 289.56 288.6456 287.7312 286.8168 285.5976 284.6832 283.7688 282.5496 281.6352 280.416 279.1968 277.6728 275.844
321.8688 320.04 318.516 316.6872 315.1632 313.6392 312.42 310.896 309.6768 308.4576 307.848 306.9336 306.324 305.4096 304.4952 303.5808 302.9712 302.3616 299.7403 299.7098 299.6794 299.6489 299.6184 298.3992 297.18 296.5704 295.656 294.7416 294.132 293.5224 293.2176 293.0652 292.7909 292.7604 292.7299 292.6994 292.669 292.6385 292.608 292.5775 292.547 292.5166 292.4556 292.4556 292.3946 292.3946 292.3642 292.3337 292.3032 291.3888 290.7792 289.8648 288.9504 288.036 287.1216 286.2072 285.2928 284.0736 283.1592 282.2448 281.0256 279.8064 278.2824 276.7584
322.7832 321.8688 320.04 318.2112 316.6872 314.8584 313.3344 311.8104 310.5912 309.372 308.4576 307.848 306.9336 306.0192 305.1048 304.1904 303.5808 302.9712 299.7403 299.7098 299.6794 299.6489 299.6184 298.3992 297.4848 296.8752 295.9608 295.0464 294.4368 293.8272 293.2176 293.2176 292.9128 292.7604 292.7299 292.6994 292.669 292.6385 292.608 292.5775 292.547 292.5166 292.4556 292.4251 292.4251 292.3946 292.3642 292.3337 292.3032 291.6936 291.084 290.4744 289.56 288.6456 287.7312 286.8168 285.5976 284.6832 283.7688 282.5496 281.6352 280.416 279.1968 277.6728
322.7832 321.8688 321.2592 319.7352 318.2112 316.3824 314.8584 313.3344 311.8104 310.5912 309.372 308.4576 307.848 306.9336 306.0192 305.1048 304.1904 303.5808 299.7403 299.7098 299.6794 299.6794 299.6489 299.6184 297.7896 297.18 296.2656 295.656 294.7416 294.132 293.5224 293.2176 292.9128 292.7909 292.7299 292.6994 292.669 292.6385 292.608 292.5775 292.547 292.5166 292.4861 292.4556 292.4251 292.3946 292.3642 292.3337 292.3032 291.6936 291.3888 290.7792 289.8648 288.9504 288.036 287.1216 286.2072 285.2928 284.0736 283.1592 282.2448 281.0256 279.8064 278.2824
322.4784 321.564 320.9544 320.3448 319.7352 317.9064 316.3824 314.8584 313.3344 311.8104 310.5912 309.372 308.4576 307.848 306.9336 306.0192 305.1048 303.8856 302.3616 299.7098 299.7098 299.6794 299.6489 299.6184 298.3992 297.4848 296.8752 295.9608 295.0464 294.4368 293.8272 293.2176 293.2176 292.9128 292.7604 292.6994 292.669 292.6385 292.608 292.5775 292.547 292.5166 292.4861 292.4556 292.4251 292.3946 292.3642 292.3337 292.3032 291.9984 291.3888 291.084 290.1696 289.56 288.6456 287.7312 286.8168 285.5976 284.6832 283.7688 282.5496 281.6352 280.416 279.1968
322.1736 321.564 320.9544 320.3448 319.7352 319.1256 317.9064 316.3824 314.8584 313.3344 311.8104 310.5912 309.372 308.4576 307.848 306.9336 306.0192 304.1904 302.3616 299.7403 299.7098 299.6794 299.6794 299.6489 298.704 297.7896 297.18 296.2656 295.656 294.7416 294.132 293.5224 293.2176 292.9128 292.7909 292.7299 292.6994 292.6385 292.608 292.5775 292.547 292.5166 292.4861 292.4556 292.4251 292.3946 292.3642 292.3337 292.3032 291.9984 291.6936 291.3888 290.6268 289.8648 288.9504 288.036 287.1216 286.2072 285.2928 284.0736 283.1592 282.2448 281.0256 279.8064
322.1736 321.8688 321.2592 320.6496 320.04 319.4304 318.516 317.2968 316.3824 314.8584 313.3344 311.8104 310.5912 309.372 308.4576 307.848 306.6288 304.8 303.276 302.3616 299.7098 299.7098 299.6794 299.6489 299.3136 298.3992 297.4848 296.8752 295.9608 295.0464 294.4368 293.8272 293.2176 293.2176 292.9128 292.7604 292.6994 292.669 292.6385 292.608 292.547 292.5166 292.4861 292.4556 292.4251 292.3946 292.3642 292.3642 292.3032 292.3032 291.9984 291.3888 290.7792 290.1696 289.56 288.6456 287.7312 286.8168 285.5976 284.6832 283.7688 282.5496 281.6352 280.7208
322.4784 322.1736 321.564 320.9544 320.3448 319.4304 318.516 317.2968 316.3824 315.1632 313.944 313.0296 311.8104 310.896 309.6768 308.4576 307.2384 305.7144 304.1904 302.3616 299.7403 299.7098 299.6794 299.6794 299.6489 298.704 297.7896 297.18 296.2656 295.656 294.7416 294.132 293.5224 293.2176 292.9128 292.7909 292.7299 292.6994 292.6385 292.608 292.5775 292.547 292.5166 292.4556 292.4251 292.3946 292.3946 292.3642 292.3337 292.3032 291.9984 291.6936 290.9316 290.6268 289.8648 288.9504 288.036 287.1216 286.2072 285.2928 284.0736 283.1592 282.2448 281.3304
322.7832 322.1736 321.564 320.9544 320.3448 319.4304 318.516 317.2968 316.3824 315.1632 314.2488 313.0296 312.1152 311.2008 309.9816 309.0672 307.848 306.6288 304.8 303.276 302.3616 299.7098 299.7098 299.6794 299.6489 299.3136 298.3992 297.4848 296.8752 295.9608 295.0464 294.4368 293.8272 293.2176 293.2176 292.9128 292.7604 292.6994 292.669 292.6385 292.608 292.547 292.5166 292.4556 292.4251 292.4251 292.3946 292.3642 292.3642 292.3032 292.3032 291.9984 291.3888 290.7792 290.1696 289.56 288.6456 287.7312 286.8168 285.9024 284.6832 283.7688 282.8544 281.94
322.7832 322.1736 321.564 320.9544 320.3448 319.4304 318.8208 317.6016 316.6872 315.468 314.5536 313.6392 312.7248 311.8104 310.5912 309.6768 308.4576 307.2384 305.7144 304.1904 302.3616 299.7403 299.7098 299.6794 299.6794 299.6489 298.704 297.7896 297.18 296.2656 295.656 295.0464 294.4368 293.8272 293.2176 292.9128 292.9128 292.7299 292.6994 292.6385 292.608 292.5775 292.547 292.5166 292.4556 292.4251 292.3946 292.3946 292.3642 292.3337 292.3032 291.9984 291.6936 290.9316 290.6268 289.8648 289.56 288.3408 287.4264 286.512 285.5976 284.6832 283.7688 282.8544
