AG2411_project/forTest.asc
ncols         180
nrows         180
xllcorner     0.0
yllcorner     0.0
cellsize      20.0
NODATA_value  -9999.0
[rows 28 to 55 of 180, columns 0 to 63 of 180]
316.0776 314.5536 313.6392 312.42 311.2008 309.9816 309.0672 308.1528 307.2384 306.324 305.4096 304.8 303.8856 302.9712 302.0568 300.8376 299.9232 298.704 297.4848 295.9608 294.7416 293.8272 292.9128 291.9984 290.7792 289.8648 288.6456 287.4264 286.2072 284.988 284.0736 282.8544 281.6352 280.7208 279.8064 278.5872 277.6728 276.4536 274.9296 273.7104 272.4912 271.272 269.748 268.5288 267.3096 266.0904 265.176 263.9568 263.0424 262.4328 261.5184 261.2136 260.7564 260.7259 260.4211 260.3602 260.3297 260.2992 260.2687 260.2383 260.2383 260.2078 260.1773 260.1773
317.6016 316.0776 314.8584 313.6392 312.42 311.2008 309.9816 309.0672 307.848 306.6288 305.7144 305.1048 304.1904 303.276 302.3616 301.1424 299.9232 298.704 297.7896 296.5704 295.656 294.132 293.2176 292.3032 291.084 290.1696 289.2552 288.036 286.8168 285.5976 284.6832 283.7688 282.5496 281.3304 280.416 279.5016 278.2824 276.7584 275.5392 274.0152 272.4912 271.272 269.748 268.5288 267.3096 266.3952 265.176 264.2616 263.3472 262.4328 261.5184 261.2136 261.1831 260.7564 260.3906 260.3602 260.3297 260.2992 260.2687 260.2383 260.2078 260.2078 260.1773 260.1468
319.1256 317.6016 316.0776 314.8584 313.6392 312.42 311.2008 309.9816 308.7624 307.5432 306.6288 305.7144 304.8 303.8856 302.9712 302.0568 300.8376 299.9232 298.704 297.4848 295.9608 294.7416 293.8272 292.9128 291.9984 290.7792 289.8648 288.6456 287.4264 286.2072 284.988 284.0736 282.8544 281.6352 280.7208 279.8064 278.5872 277.368 275.844 274.0152 272.4912 271.272 269.748 268.5288 267.3096 266.3952 265.176 264.2616 263.3472 262.4328 261.8232 261.2136 261.0612 260.7564 260.3602 260.3602 260.3297 260.2992 260.2687 260.2383 260.2078 260.1773 260.1773 260.1163
320.3448 319.1256 317.6016 316.0776 314.8584 313.6392 312.42 311.2008 309.9816 308.7624 307.5432 306.324 305.4096 304.4952 303.276 302.3616 301.1424 299.9232 298.704 297.7896 296.5704 295.656 294.4368 293.2176 292.3032 291.084 290.1696 289.2552 288.036 286.8168 285.5976 284.6832 283.7688 282.5496 281.3304 280.416 279.5016 277.9776 276.1488 274.6248 272.796 271.272 269.748 268.5288 267.3096 266.3952 265.176 264.2616 263.3472 262.7376 261.8232 261.2136 261.0612 260.7564 260.6954 260.3297 260.3297 260.2992 260.2687 260.2383 260.2078 260.1773 260.1468 260.0858
321.8688 320.6496 319.1256 317.6016 316.0776 314.8584 313.6392 312.42 311.2008 309.9816 308.7624 307.5432 306.324 305.4096 304.4952 303.276 302.0568 300.8376 299.9232 298.704 297.7896 296.5704 295.656 294.4368 293.2176 291.9984 291.084 289.8648 288.6456 287.4264 286.2072 284.988 284.0736 282.8544 281.6352 280.7208 279.8064 278.5872 277.0632 275.2344 273.4056 271.8816 270.0528 268.8336 267.6144 266.3952 265.4808 264.5664 263.652 262.7376 262.128 261.2136 261.1831 260.7564 260.6954 260.3602 260.2992 260.2992 260.2687 260.2383 260.2078 260.1773 260.1163 260.0858
323.6976 322.1736 320.9544 319.1256 317.6016 316.3824 314.8584 313.6392 312.42 311.2008 309.9816 308.7624 307.5432 306.324 305.4096 304.4952 303.276 302.0568 300.8376 299.9232 298.704 297.7896 296.5704 295.656 294.132 293.2176 291.9984 290.7792 289.2552 288.036 286.8168 285.5976 284.6832 283.7688 282.5496 281.3304 280.416 279.5016 277.9776 276.1488 274.32 272.4912 270.6624 269.4432 267.9192 266.7 265.7856 264.8712 263.652 263.0424 262.128 261.5184 261.2136 260.7564 260.665 260.3602 260.3297 260.2687 260.2687 260.2383 260.2078 260.1773 260.0858 260.0858
324.9168 323.6976 322.1736 320.9544 319.4304 317.9064 316.6872 315.468 313.944 312.7248 311.5056 309.9816 308.7624 307.5432 306.324 305.4096 304.4952 303.276 302.0568 300.8376 299.9232 298.704 297.7896 296.5704 295.656 294.132 293.2176 291.6936 290.4744 288.9504 287.4264 286.2072 284.988 284.0736 282.8544 281.6352 280.7208 279.8064 278.5872 277.0632 275.2344 273.4056 271.5768 270.0528 268.5288 267.3096 266.0904 265.176 263.9568 263.0424 262.4328 261.5184 260.7564 260.6954 260.6954 260.3602 260.3297 260.2992 260.2383 260.2383 260.2078 260.1773 260.0858 260.0554
325.5264 324.612 323.6976 322.1736 320.9544 319.4304 318.2112 316.992 315.468 314.2488 312.7248 311.5056 309.9816 308.7624 307.5432 306.324 305.4096 304.4952 303.276 302.0568 300.8376 299.9232 298.704 297.7896 296.5704 295.656 294.132 293.2176 291.6936 290.4744 288.9504 287.4264 286.2072 284.988 283.7688 282.5496 281.3304 280.416 279.5016 277.9776 276.1488 274.32 272.4912 270.6624 269.4432 267.9192 266.7 265.4808 264.5664 263.3472 262.4328 261.5184 260.7564 260.7259 260.6954 260.3602 260.3297 260.2992 260.2687 260.2078 260.2078 260.1773 260.0858 260.0249
324.612 323.6976 322.7832 321.8688 320.6496 319.7352 318.516 317.6016 316.6872 315.468 314.2488 313.0296 311.5056 309.9816 308.7624 307.2384 305.7144 305.1048 304.4952 303.276 302.0568 300.8376 299.9232 298.704 297.7896 296.8752 295.656 294.132 293.2176 291.6936 290.4744 288.9504 287.4264 286.2072 284.988 283.464 282.2448 281.3304 280.1112 278.892 277.0632 275.2344 273.4056 271.5768 270.0528 268.5288 267.3096 266.0904 264.8712 263.652 262.7376 261.8232 261.2136 260.7564 260.6954 260.3602 260.3297 260.2992 260.2687 260.2383 260.1773 260.1773 260.0858 259.9944
324.0024 323.088 321.8688 320.6496 319.7352 318.516 317.6016 316.6872 315.468 314.2488 313.0296 311.8104 310.5912 308.7624 307.2384 305.7144 304.8 304.1904 303.8856 303.276 302.9712 302.0568 301.1424 300.228 299.3136 298.0944 296.8752 295.656 294.132 293.2176 291.6936 290.4744 288.9504 287.4264 286.2072 284.6832 283.1592 281.94 281.0256 279.8064 277.9776 276.1488 274.32 272.4912 270.6624 269.4432 267.9192 266.7 265.4808 264.2616 263.0424 262.128 261.2136 260.7564 260.6954 260.665 260.3297 260.2992 260.2687 260.2383 260.2078 260.1468 260.0858 259.9639
323.6976 322.7832 321.564 320.3448 319.1256 317.9064 316.6872 315.468 314.2488 313.0296 311.8104 310.5912 308.7624 307.2384 305.7144 304.8 304.1904 303.8856 302.9712 302.3616 302.0568 301.4472 301.1424 300.5328 300.228 299.6184 298.3992 296.8752 295.656 294.4368 293.2176 291.6936 290.4744 288.9504 287.4264 285.9024 284.3784 283.1592 281.94 280.7208 278.892 277.0632 275.2344 273.4056 271.5768 270.0528 268.5288 267.3096 266.0904 264.8712 263.652 262.7376 261.5184 260.7564 260.6954 260.665 260.3602 260.2992 260.2687 260.2383 260.2078 260.1163 260.0858 259.9639
323.088 321.8688 320.6496 319.7352 318.516 317.6016 316.3824 314.8584 313.6392 312.1152 310.5912 308.7624 307.2384 305.7144 304.8 304.1904 303.8856 302.9712 302.3616 301.752 301.1424 300.5328 300.228 299.6184 299.3136 299.0088 298.704 298.3992 297.18 295.9608 294.7416 293.5224 291.9984 290.4744 288.9504 287.1216 285.5976 284.3784 283.1592 281.94 280.1112 277.9776 276.1488 274.32 272.4912 270.6624 269.4432 267.9192 266.7 265.4808 264.2616 263.0424 262.128 260.7564 260.6954 260.665 260.6345 260.3297 260.2687 260.2383 260.2078 260.0858 260.0858 259.9639
322.7832 321.564 320.3448 319.1256 317.9064 316.6872 315.468 314.2488 312.7248 311.2008 309.372 307.2384 305.7144 304.8 304.1904 303.8856 302.9712 302.3616 301.752 301.1424 300.5328 300.228 299.6184 299.3136 299.0088 298.3992 298.0944 298.0944 297.7896 297.4848 296.8752 295.656 293.8272 291.9984 290.1696 288.6456 287.1216 285.5976 284.3784 283.1592 281.3304 279.1968 277.368 275.2344 273.4056 271.5768 270.0528 268.5288 267.3096 266.0904 264.8712 263.652 262.7376 260.7564 260.6954 260.6954 260.665 260.3602 260.2992 260.2383 260.2078 260.1773 260.0554 259.9639
321.8688 320.6496 319.7352 318.516 317.6016 316.3824 314.8584 313.3344 311.8104 309.9816 308.1528 306.324 304.8 304.1904 303.8856 302.9712 302.3616 301.752 301.1424 300.5328 300.228 299.6184 299.3136 299.0088 298.3992 298.0944 297.7896 297.4848 297.18 297.18 296.8752 296.8752 295.3512 293.2176 291.6936 290.1696 288.6456 287.1216 285.5976 284.3784 283.1592 281.0256 279.1968 277.0632 274.9296 273.1008 271.272 269.748 268.224 267.0048 265.4808 264.2616 263.0424 260.7564 260.7259 260.6954 260.665 260.6345 260.3297 260.2687 260.2078 260.1773 260.0249 259.9639
320.9544 319.7352 318.516 317.6016 316.3824 315.468 314.2488 312.7248 310.5912 308.7624 307.2384 305.7144 304.4952 303.8856 302.9712 302.3616 301.752 301.1424 300.5328 300.228 299.6184 299.3136 299.0088 298.3992 298.0944 297.7896 297.4848 297.18 296.8752 296.8752 296.8752 296.5704 296.5704 294.7416 293.2176 291.6936 290.1696 288.6456 287.1216 285.5976 284.3784 283.1592 281.0256 278.892 276.7584 274.9296 272.796 270.9672 269.4432 267.6144 266.3952 264.8712 263.652 262.7376 260.7564 260.6954 260.6954 260.665 260.3602 260.2992 260.2383 260.1773 259.9944 259.9639
319.7352 318.516 317.6016 316.3824 315.7728 314.8584 313.3344 311.8104 309.6768 307.5432 306.324 304.8 304.1904 303.276 302.6664 301.752 301.1424 300.5328 300.228 299.6184 299.3136 299.0088 298.3992 298.0944 297.7896 297.4848 297.18 296.8752 296.8752 296.5704 296.5704 296.5704 296.418 295.9608 294.7416 293.2176 291.6936 290.1696 288.6456 287.1216 285.5976 284.3784 283.1592 281.0256 278.5872 276.4536 274.6248 272.4912 270.6624 268.8336 267.0048 265.4808 264.2616 263.0424 260.7564 260.7259 260.6954 260.665 260.6345 260.3297 260.2687 260.2078 259.9639 259.9639
319.1256 317.9064 316.6872 315.7728 314.8584 313.944 312.7248 310.5912 308.7624 306.6288 305.7144 304.4952 303.8856 302.9712 302.3616 301.4472 300.8376 300.228 299.9232 299.3136 299.0088 298.3992 298.0944 297.7896 297.4848 297.18 296.8752 296.8752 296.5704 296.5704 296.418 296.418 296.418 296.2656 295.9608 294.7416 293.2176 291.6936 290.1696 288.6456 287.1216 285.9024 284.6832 282.5496 280.416 278.2824 276.1488 274.0152 272.1864 270.3576 268.5288 267.0048 265.4808 264.2616 262.7376 260.7564 260.6954 260.6954 260.665 260.604 260.2992 260.2383 260.0858 259.9334
318.516 317.6016 316.0776 314.8584 313.944 313.0296 311.8104 309.6768 307.5432 306.0192 304.8 304.1904 303.276 302.6664 301.752 301.1424 300.5328 300.228 299.6184 299.3136 298.704 298.0944 297.7896 297.4848 297.18 296.8752 296.8752 296.5704 296.5704 296.418 296.418 296.2656 296.2656 296.2656 295.9608 295.9608 294.7416 293.2176 291.6936 290.1696 288.9504 287.4264 286.2072 284.0736 282.2448 280.1112 277.9776 275.844 273.7104 271.8816 270.3576 268.5288 267.0048 265.176 263.652 260.7564 260.7259 260.6954 260.665 260.6345 260.604 260.2687 260.0858 259.9639
317.9064 316.6872 315.7728 314.2488 313.0296 312.1152 310.5912 308.7624 306.6288 305.4096 304.4952 303.8856 302.9712 302.3616 301.4472 300.8376 300.228 299.9232 299.3136 299.0088 298.3992 298.0944 297.4848 297.18 296.8752 296.8752 296.5704 296.5704 296.418 296.418 296.2656 296.2656 295.9608 295.9608 295.9608 295.656 295.656 294.7416 293.2176 291.9984 290.7792 289.56 288.036 285.9024 284.0736 282.2448 280.1112 277.6728 275.844 273.7104 271.8816 270.3576 268.5288 266.7 264.8712 263.0424 260.7564 260.6954 260.6954 260.665 260.6345 260.604 260.2383 259.9639
317.6016 316.0776 314.8584 313.944 312.7248 311.8104 309.6768 307.5432 306.0192 304.8 304.1904 303.276 302.6664 301.752 301.1424 300.5328 300.228 299.6184 299.3136 298.704 298.0944 297.7896 297.4848 297.18 296.8752 296.5704 296.5704 296.418 296.418 296.2656 296.2656 295.9608 295.9608 295.656 295.656 295.656 295.0464 295.0464 294.7416 293.8272 292.608 291.3888 289.8648 288.036 285.9024 284.0736 282.2448 280.1112 277.6728 275.844 273.7104 271.8816 270.3576 268.5288 266.7 264.5664 260.7564 260.7259 260.6954 260.6954 260.665 260.6345 260.604 259.9639
316.6872 315.7728 314.2488 313.0296 312.1152 310.5912 308.7624 306.6288 305.4096 304.4952 303.8856 302.9712 302.3616 301.4472 300.8376 300.228 299.9232 299.3136 299.0088 298.3992 298.0944 297.4848 297.18 296.8752 296.8752 296.5704 296.418 296.418 296.2656 296.2656 295.9608 295.9608 295.656 295.656 295.0464 295.0464 294.7416 294.4368 294.4368 294.132 293.8272 293.2176 291.9984 289.8648 288.036 285.9024 284.0736 282.2448 280.1112 277.6728 275.844 273.7104 271.8816 270.3576 268.5288 266.7 264.2616 260.7564 260.7259 260.6954 260.6954 260.665 260.6345 259.9639
316.0776 314.8584 313.944 312.7248 311.8104 309.6768 307.5432 306.0192 305.1048 304.1904 303.276 302.6664 301.752 301.1424 300.5328 300.228 299.6184 299.3136 298.704 298.0944 297.7896 297.4848 297.18 296.8752 296.5704 296.5704 296.418 296.2656 296.2656 295.9608 295.9608 295.656 295.656 295.0464 294.7416 294.4368 294.4368 294.132 293.8272 293.5224 293.5224 293.2176 293.0652 291.9984 289.8648 288.036 285.9024 284.0736 282.2448 280.1112 277.6728 275.844 273.7104 271.8816 270.3576 268.5288 266.3952 264.2616 260.7564 260.7259 260.6954 260.6954 260.665 259.9639
315.7728 314.2488 313.0296 312.1152 310.896 308.7624 306.6288 305.4096 304.8 303.8856 303.276 302.3616 301.4472 300.8376 300.228 299.9232 299.3136 299.0088 298.3992 298.0944 297.4848 297.18 296.8752 296.8752 296.5704 296.418 296.418 296.2656 295.9608 295.9608 295.656 295.656 295.0464 294.7416 294.4368 294.132 293.8272 293.5224 293.5224 293.2176 293.0652 293.0652 292.9128 292.9128 291.9984 289.8648 288.036 285.9024 284.0736 282.2448 280.1112 277.6728 275.844 274.0152 272.1864 270.3576 268.5288 266.3952 264.2616 260.7564 260.7259 260.6954 260.6954 260.665
314.8584 313.944 312.7248 311.8104 309.9816 307.848 306.0192 305.1048 304.4952 303.8856 302.9712 302.3616 301.4472 300.8376 300.228 299.6184 299.3136 298.704 298.0944 297.7896 297.4848 297.18 296.8752 296.5704 296.5704 296.418 296.2656 296.2656 295.9608 295.656 295.656 295.0464 294.7416 294.4368 294.132 293.8272 293.5224 293.2176 293.0652 293.0652 292.9128 292.9128 292.9128 292.7909 292.7909 291.9984 290.1696 288.3408 286.8168 285.2928 283.1592 281.0256 278.892 276.7584 274.32 272.4912 270.3576 268.5288 266.3952 264.2616 260.7564 260.7259 260.7259 260.6954
314.2488 313.0296 312.1152 310.896 309.0672 307.2384 305.4096 304.8 304.1904 303.5808 302.9712 302.3616 301.4472 300.8376 300.228 299.6184 299.0088 298.3992 298.0944 297.4848 297.18 296.8752 296.8752 296.5704 296.418 296.418 296.2656 295.9608 295.9608 295.656 295.0464 294.7416 294.4368 294.132 293.8272 293.5224 293.2176 293.0652 292.9128 292.9128 292.9128 292.7909 292.7909 292.7909 292.7604 292.7604 292.608 291.084 289.8648 288.3408 286.512 284.3784 282.2448 279.8064 277.0632 274.32 272.4912 270.6624 268.8336 266.3952 264.2616 260.7564 260.7564 260.7259
313.944 312.7248 311.8104 310.896 309.0672 307.2384 305.4096 304.8 304.1904 303.5808 302.9712 302.3616 301.4472 300.8376 299.6489 299.6184 299.0088 298.3992 298.0944 297.4848 297.18 296.8752 296.5704 296.5704 296.418 296.2656 296.2656 295.9608 295.656 295.3512 294.7416 294.4368 294.132 293.8272 293.5224 293.2176 293.0652 292.9128 292.9128 292.7909 292.7909 292.7909 292.7604 292.7604 292.7604 292.7299 292.7299 292.7299 292.608 291.084 289.8648 288.036 285.9024 282.8544 279.8064 277.0632 274.9296 273.4056 271.272 269.1384 266.3952 264.2616 262.4328 260.7564
313.944 312.7248 311.8104 310.896 309.0672 307.2384 305.4096 304.8 304.1904 303.5808 302.9712 302.3616 301.4472 300.8376 299.6489 299.6184 299.0088 298.3992 298.0944 297.4848 297.18 296.8752 296.5704 296.418 296.418 296.2656 295.9608 295.9608 295.656 295.0464 294.7416 294.132 293.8272 293.5224 293.2176 293.0652 292.9128 292.9128 292.7909 292.7909 292.7604 292.7604 292.7604 292.7299 292.7299 292.7299 292.6994 292.669 292.669 292.669 292.3032 290.4744 288.9504 287.1216 284.0736 281.0256 278.892 276.7584 274.0152 271.272 268.8336 266.3952 264.2616 262.4328
313.944 312.7248 311.8104 310.896 309.0672 307.2384 305.4096 304.8 304.1904 303.276 302.6664 301.752 301.1424 300.5328 299.6489 299.6184 299.0088 298.3992 298.0944 297.4848 297.18 296.8752 296.5704 296.418 296.2656 296.2656 295.9608 295.656 295.3512 294.7416 294.4368 293.8272 293.5224 293.2176 293.0652 292.9128 292.9128 292.7909 292.7909 292.7604 292.7604 292.7299 292.7299 292.7299 292.6994 292.669 292.669 292.669 292.6385 292.608 291.084 289.2552 288.036 287.4264 286.8168 285.5976 283.1592 279.5016 276.4536 273.7104 270.9672 267.9192 264.5664 262.7376
